2,349
2,375
5,477
5,495
2,503
3,517
3,531
5,595
5,595
2,597
3,601
2,607
5,621
5,647
2,655
1,719
5,727
3,739
1,749
5,759
1,761
2,769
3,813
2,877
3,893
2,905
2,923
1,959
1,995
1,999
3,1041
1,1041
1,1045
5,1051
1,1095
1,1135
1,1135
1,1175
5,1191
1,1211
5,1237
1,1279
2,1279
2,1287
2,1289
1,1315
3,1351
1,1379
1,1401
1,1417
1,1475
1,1547
1,1579
2,1617
1,1659
5,1675
3,1687
1,1749
3,1781
1,1797
5,1851
2,1991
2,2181
5,2207
1,2233
3,2301
1,2311
2,2317
3,2343
1,2401
1,2443
1,2525
3,2711
5,2873
1,2951
2,2955
5,2959
2,3283
2,3395
3,3555
1,3677
3,3765
1,3785
2,3927
5,3993
5,4213
2,4493
3,5077
5,6115
5,7569
2,8231
3,8787
3,10041
5,11443
3,12887
2,13089
3,13235
3,13365
2,14603
3,14611
2,15281
5,16245
3,16983
3,17727
5,18469
5,18777
3,20329
5,20465
5,20533
3,21721
2,24097
5,24337
3,25735
3,27249
5,27321
2,32965
3,34497
2,34631
