2,381
5,411
2,413
3,479
2,485
5,495
3,549
5,593
2,605
5,623
5,629
5,727
5,737
3,769
3,819
5,833
1,873
1,881
1,883
1,945
2,951
2,953
1,963
1,1017
5,1043
1,1115
1,1127
3,1217
1,1223
1,1249
2,1289
1,1345
1,1353
3,1405
2,1405
5,1437
5,1487
2,1541
1,1555
1,1607
1,1695
1,1713
1,1781
1,1843
5,1891
1,1911
1,2023
3,2025
3,2197
1,2201
2,2321
1,2603
1,2755
5,2989
2,3029
3,3073
1,3471
1,3499
5,3593
2,3609
2,3681
3,4109
1,4167
1,4379
1,4613
2,4795
1,4861
1,4949
5,5035
5,5601
5,6501
1,6601
2,8539
5,8989
3,9117
1,9185
2,10677
2,11725
3,12251
5,14483
2,14877
2,15949
5,16497
3,17181
2,17655
3,17745
5,17997
3,18273
5,18589
2,18753
5,19835
3,21711
2,22409
2,22657
2,24675
5,26269
3,26719
3,27233
3,29161
2,30055
2,30509
5,31747
3,32473
3,33847
2,34879
2,37197
3,37311
3,38241
5,39239
