2,377
5,403
5,593
2,607
5,631
3,635
5,639
5,675
1,757
1,775
5,785
1,789
3,865
2,875
3,895
1,1013
1,1053
5,1055
1,1059
2,1071
1,1093
1,1103
3,1139
2,1147
2,1217
3,1281
1,1283
1,1305
2,1375
1,1443
5,1453
5,1461
1,1469
1,1543
2,1551
5,1571
1,1577
5,1579
3,1617
5,1693
3,1805
1,1939
1,1967
5,1991
5,2023
1,2029
1,2043
1,2071
1,2077
3,2099
1,2199
5,2271
3,2289
1,2419
1,2433
5,2449
1,2551
1,2591
1,2599
1,2667
1,2683
3,2727
2,2739
1,2809
2,2875
1,2885
5,3027
2,3051
1,3097
3,3105
2,3109
1,3185
3,3241
2,3353
5,3595
3,3775
5,3827
2,4189
5,4487
5,4929
2,5107
2,5113
2,5921
3,6021
2,6137
2,6503
5,6695
2,6745
3,7335
3,7849
2,8227
2,10027
3,10245
5,10255
2,10431
2,10589
3,11011
3,11213
2,14301
2,14513
3,14905
2,15783
2,16861
5,17575
3,19267
3,20491
3,22793
3,22899
5,23971
5,27461
3,28375
5,31453
3,31913
5,34721
2,35335
3,36557
