2,277
5,351
2,373
3,451
5,485
2,491
3,519
5,533
3,547
5,577
5,599
3,619
3,627
2,647
3,659
3,677
1,681
2,681
3,707
5,735
5,785
5,857
3,877
3,897
2,915
2,989
5,1049
2,1053
5,1127
1,1129
1,1173
1,1179
1,1185
1,1217
1,1287
5,1315
3,1341
3,1341
1,1347
1,1377
3,1441
5,1463
1,1487
2,1547
3,1625
1,1627
5,1639
1,1649
1,1663
5,1747
1,1755
1,1847
1,1969
1,2019
1,2071
1,2075
5,2135
3,2159
3,2201
2,2235
1,2301
2,2341
2,2363
2,2485
1,2559
5,2587
1,2653
2,2767
1,2821
1,3223
3,3607
2,3655
1,4263
2,4405
3,4737
3,6907
5,7343
1,7879
2,15497
1,16273
5,16747
1,16779
2,17163
5,18397
3,18475
1,18985
1,20359
1,22801
2,24203
3,26019
1,26775
2,32537
5,34243
5,34817
3,35495
5,37753
2,38827
5,38923
2,39843
