2,277
2,371
2,421
3,453
3,475
2,489
5,545
5,607
3,635
2,673
3,699
3,727
5,733
1,735
5,737
1,807
1,857
1,873
1,899
3,901
2,951
2,965
2,1009
1,1029
1,1031
1,1037
3,1037
1,1057
5,1061
1,1127
1,1141
1,1231
3,1239
1,1259
1,1259
1,1379
1,1385
5,1415
1,1439
1,1509
1,1545
1,1553
2,1581
5,1709
2,1851
2,2057
5,2147
5,2273
3,2389
1,2393
1,2655
5,2789
1,3031
1,3109
3,3659
1,3741
2,4247
1,4547
5,4865
3,5025
3,5329
3,5641
1,5689
5,5715
2,5961
2,6109
3,6113
1,6117
1,6545
2,6709
1,6739
1,7737
2,8087
5,8983
5,10027
3,10447
5,11255
5,12749
1,13237
2,13353
3,14979
5,15651
5,18009
5,19141
2,23723
3,23755
2,24215
2,24493
3,26317
5,26815
5,28375
2,28991
3,29687
3,30851
3,31591
3,34785
2,36115
5,39969
