2,377
2,429
5,493
2,497
3,533
5,539
3,543
5,597
2,607
5,665
3,669
2,677
2,679
5,687
5,715
1,753
3,807
3,823
2,843
1,843
1,861
2,863
2,863
3,927
1,927
2,975
1,983
2,983
1,1011
2,1061
2,1075
1,1093
2,1095
3,1125
2,1199
1,1199
3,1263
1,1273
1,1281
1,1305
3,1351
2,1353
1,1381
1,1389
1,1395
1,1397
1,1525
1,1529
2,1533
1,1577
1,1587
1,1641
2,1721
1,1731
3,1743
1,1785
2,1839
5,1855
1,1895
2,1949
1,2193
1,2199
5,2247
5,2263
3,2289
5,2343
2,2379
5,2459
3,2523
2,2643
5,2733
1,3031
1,3095
5,3145
3,3255
5,3277
3,3301
1,3421
1,3635
2,4507
3,4555
1,4583
2,5101
5,5921
2,6083
5,6489
3,6747
1,6801
2,6991
5,7677
2,7865
2,8287
5,8369
3,8709
3,8983
5,9235
3,9235
2,9289
5,9793
5,9845
1,10009
3,10543
5,13237
3,14575
2,15015
5,15101
3,19557
5,19661
3,19753
5,20725
5,21817
3,25335
5,26449
5,27967
2,28437
3,29989
5,31617
3,32671
