2,279
1,345
2,383
3,511
5,607
2,611
3,623
3,635
3,711
2,723
1,735
1,751
2,789
2,799
2,803
5,813
5,857
2,869
2,871
3,903
1,963
3,981
2,1003
5,1025
1,1071
1,1087
5,1165
1,1199
5,1229
1,1253
1,1255
1,1265
1,1285
2,1297
3,1325
2,1403
1,1477
1,1481
1,1539
3,1553
1,1661
3,1683
5,1703
1,1721
1,1729
2,1821
5,1901
2,1985
3,1997
1,2005
2,2015
3,2101
1,2183
2,2205
2,2297
1,2305
2,2403
1,2415
1,2417
1,2423
3,2599
5,2629
1,2631
3,2911
3,3117
2,3325
2,3621
1,3899
3,4159
3,4513
5,4653
5,4687
1,4787
3,5145
3,5275
2,5673
5,5721
1,6073
1,6379
1,6539
1,6947
3,7953
1,8189
5,8243
5,9373
2,9397
1,9609
5,10255
3,10461
3,10465
5,11359
2,12427
5,13217
5,13759
3,16905
2,16933
5,17077
2,17163
5,18625
3,19597
5,19615
5,20285
3,20317
3,21729
5,24129
2,24427
2,24777
5,27379
5,27425
3,27603
5,28571
3,30131
5,30597
5,32089
5,38635
5,38933
