2,377
2,381
5,399
3,531
2,593
5,595
3,633
5,671
2,671
5,689
3,701
2,705
1,753
5,761
5,783
3,803
5,807
3,823
2,839
1,875
1,885
5,901
1,987
1,1003
2,1007
1,1045
3,1079
1,1101
2,1131
1,1149
1,1175
3,1201
5,1203
1,1263
1,1265
1,1295
1,1297
1,1333
1,1355
2,1407
3,1429
2,1445
5,1517
2,1567
1,1577
2,1595
1,1675
1,1699
1,1705
2,1713
1,1939
1,1953
1,2009
2,2085
5,2113
1,2399
2,2413
3,2745
5,2791
3,2859
3,2897
5,2983
5,3081
2,3087
1,3523
2,3655
1,3691
1,3923
5,4151
1,4723
1,5007
1,5243
3,5631
1,5713
1,6757
2,6865
3,7461
5,7629
2,8127
1,8181
3,8225
2,8239
5,9279
5,9451
5,10083
5,10851
2,11097
2,11477
3,11843
2,12529
2,13823
5,15723
5,15791
3,15977
3,16625
5,16651
3,16909
2,17069
3,17203
2,18177
2,18273
3,19451
3,19811
5,20411
3,20799
2,21135
5,21461
3,21887
3,25697
2,26373
3,26779
5,27305
2,33571
5,34487
3,35215
5,35459
5,38325
