2,279
3,373
2,373
2,381
3,461
5,527
5,593
3,603
2,625
3,657
3,697
5,755
5,779
2,783
5,825
1,829
3,829
2,887
3,897
1,901
2,957
1,997
3,1003
1,1007
3,1015
1,1081
1,1083
5,1125
1,1131
2,1157
1,1205
1,1215
1,1245
1,1267
1,1289
3,1333
3,1391
3,1469
1,1501
1,1509
2,1653
5,1659
5,1661
1,1697
5,1697
2,1737
2,1783
5,1827
1,1827
2,1849
1,1857
1,1919
1,2069
1,2137
1,2161
1,2169
5,2229
1,2385
1,2391
5,2425
1,2639
1,2673
5,2695
1,2809
1,2847
5,2969
2,3031
1,3033
2,3199
1,3213
3,3233
3,3279
3,3531
1,3619
2,3961
1,4237
5,4597
2,5235
5,6087
2,6323
2,6505
2,7671
5,7681
2,10313
3,10501
2,10867
5,11269
5,13471
2,13473
3,13821
5,15791
5,16373
2,16443
3,16925
2,19307
3,20539
3,20845
5,22223
5,23057
3,23661
2,25305
2,25393
3,27539
5,28585
3,29485
3,30205
3,30257
3,31327
2,33611
5,35411
5,36663
2,37541
