2,373
2,373
5,407
3,469
2,489
3,567
1,587
5,593
2,605
5,607
5,631
2,647
2,649
5,659
3,717
1,773
3,801
1,803
3,813
1,845
1,857
2,875
2,881
1,885
5,893
1,953
3,999
1,1031
1,1049
1,1063
3,1099
3,1135
3,1145
1,1181
2,1227
1,1273
1,1301
5,1325
1,1343
2,1363
2,1429
3,1449
5,1473
1,1477
2,1483
1,1489
1,1501
1,1577
2,1613
1,1675
2,1753
5,1791
1,1795
2,1835
1,1941
3,1941
3,1971
1,1999
1,2105
1,2131
1,2131
5,2219
3,2311
2,2341
5,2373
1,2373
1,2377
1,2413
1,2495
2,2555
1,2657
2,2741
2,2871
3,2899
2,2953
1,3111
1,3123
2,3253
3,3583
5,3767
2,4205
2,4647
5,4689
5,5169
2,5339
5,5945
5,6711
3,7293
3,7523
2,9005
5,9017
5,9057
3,9089
3,9639
3,10353
5,10761
5,11347
5,12109
2,12619
2,13527
2,14079
5,14883
2,17577
2,17829
5,18593
5,20451
5,21983
2,22245
3,22473
5,22699
3,24427
3,25213
5,27237
3,27729
3,32281
5,33003
