2,383
2,385
3,517
3,579
2,605
5,605
3,647
2,649
1,677
1,755
5,761
3,809
3,815
1,841
1,849
5,903
1,921
2,1007
1,1017
2,1025
5,1061
1,1081
1,1097
1,1097
1,1139
5,1155
2,1203
1,1219
1,1265
1,1361
2,1369
1,1403
1,1413
2,1415
3,1425
3,1495
3,1495
3,1505
1,1537
3,1561
5,1595
1,1597
3,1599
1,1743
1,1777
1,1917
5,1947
1,1965
1,1983
2,1997
2,2015
3,2025
2,2069
1,2157
2,2229
3,2297
5,2341
1,2363
1,2367
1,2403
1,2425
5,2485
1,2551
2,2581
1,2669
1,2707
1,2825
1,3103
5,3199
2,3285
2,3359
5,3607
2,3969
3,4657
5,4665
3,4935
2,6377
2,6915
3,7241
5,7471
2,7775
2,7959
2,8527
5,10633
5,12337
3,13347
2,14287
3,14395
2,15135
5,15471
5,15549
2,15583
3,15659
3,15719
3,16795
5,17287
2,17325
5,17733
2,19395
3,20581
5,21675
5,23069
5,23213
5,23391
3,24177
2,25651
5,28539
2,29183
5,29755
2,29857
3,32417
3,33173
2,34299
5,34927
5,35753
2,37255
3,39349
