2,303
3,361
5,371
2,377
3,463
2,487
2,533
5,583
5,623
1,649
2,661
3,665
5,673
3,715
1,773
5,817
5,837
1,849
1,927
2,963
3,969
1,971
3,997
2,1061
2,1065
3,1105
3,1107
1,1117
1,1133
3,1137
1,1235
1,1255
5,1261
5,1287
1,1289
1,1345
1,1347
2,1431
1,1503
2,1619
1,1635
1,1687
1,1697
2,1699
5,1777
5,1797
3,1801
1,1861
3,2093
2,2121
1,2125
5,2185
1,2215
5,2241
1,2247
2,2315
1,2321
3,2401
5,2421
1,2597
1,2719
1,2763
2,2811
5,2903
1,2917
3,3227
3,3255
3,3533
1,3875
2,3939
2,4103
2,4149
1,4207
1,4479
1,4541
2,4589
1,5421
2,5719
5,6033
5,6721
5,7413
2,7631
3,7785
1,8163
3,8167
1,8619
2,8805
2,9081
2,10307
5,10997
3,11083
3,11343
2,11783
2,11803
3,12659
5,13991
3,14263
5,19207
3,20999
3,22375
2,22617
2,22623
2,23143
2,24619
5,25119
2,26105
5,26383
3,26935
5,30619
3,30787
5,30991
5,34991
3,36677
