2,301
2,367
2,377
5,503
5,597
3,605
2,617
3,627
3,659
3,671
5,713
1,747
1,747
1,761
1,763
5,777
2,777
5,835
3,837
5,839
2,887
2,905
3,943
2,949
2,979
1,1057
1,1063
1,1109
1,1157
2,1175
1,1227
1,1245
3,1289
2,1295
1,1325
1,1407
1,1409
1,1443
1,1487
1,1487
2,1625
2,1637
1,1789
3,1823
1,1853
1,1881
5,1981
1,2007
1,2023
1,2033
3,2045
1,2161
1,2219
1,2253
2,2359
1,2403
1,2425
3,2865
2,2901
1,2903
3,3083
1,3147
1,3177
5,3429
1,3963
3,4809
1,5347
5,5417
3,5721
2,6259
5,6701
2,6741
2,7301
3,7309
5,7995
2,9287
2,9473
2,9513
3,10077
2,10495
5,10529
2,11955
3,12989
2,13809
2,14851
3,15391
5,16927
2,17617
2,17889
3,19121
3,22169
5,22585
5,23765
3,24029
2,25393
5,26013
5,26323
5,27393
5,27783
3,27945
2,28743
2,29043
3,29361
5,30361
5,33899
3,34811
5,35145
