2,375
2,381
5,399
2,515
3,557
2,563
5,593
3,609
5,617
5,653
5,735
1,747
5,759
3,767
3,817
1,837
1,869
5,889
5,897
2,901
1,969
1,979
5,1007
3,1037
1,1041
5,1067
1,1105
3,1147
3,1183
1,1243
2,1251
1,1253
1,1283
3,1371
1,1387
1,1401
3,1431
1,1523
1,1701
1,1703
1,1725
2,1767
2,1779
1,1835
5,1839
5,1853
1,1935
1,1941
1,1967
1,2021
1,2049
1,2089
1,2105
1,2171
1,2231
1,2247
5,2281
1,2555
2,2641
3,2747
1,2877
1,3007
2,3231
1,3233
2,3313
3,3393
2,3479
2,3705
1,3823
5,4031
2,4545
2,4727
3,4743
3,4955
2,5073
2,5621
3,6795
3,8007
2,8357
3,8601
3,8741
2,8757
2,8785
2,8893
5,8921
5,9571
2,10335
5,10379
5,11449
2,12001
2,12275
5,14535
2,16879
2,16949
5,18653
3,19989
2,20715
5,21131
5,21579
2,26673
3,27181
3,27431
3,27699
2,27885
5,28239
3,28661
5,29349
3,30361
5,35769
3,36225
2,37763
