2,377
2,381
5,401
5,485
2,593
3,597
3,631
1,655
3,667
5,691
5,749
5,759
1,827
1,847
3,849
2,903
1,937
5,949
5,971
5,973
1,995
5,1007
1,1047
1,1053
5,1061
1,1065
5,1079
1,1091
1,1127
1,1139
1,1249
1,1251
2,1331
1,1363
2,1369
1,1393
1,1517
1,1523
2,1537
2,1547
5,1619
1,1693
1,1793
3,1813
5,1879
1,2013
1,2085
5,2117
2,2165
5,2169
2,2267
1,2277
2,2447
1,2599
3,2773
1,3009
5,3015
5,3201
1,3381
1,3505
1,3659
2,3663
1,4329
3,4381
3,5117
2,5201
2,5225
5,5287
1,5687
2,6169
1,6291
2,6853
1,8659
2,8823
1,9243
2,9549
3,9583
2,10985
3,11403
2,11945
3,12087
2,12221
3,12559
3,12611
2,12985
2,13473
5,13895
3,14307
3,14741
2,16203
5,17061
2,17625
3,18913
3,19139
5,19441
2,21513
3,21781
2,22029
2,22411
5,23887
3,25141
5,25433
3,26301
2,26529
5,27667
3,28569
3,29085
5,29247
3,30063
5,30259
5,31949
5,32267
5,33995
2,34621
3,35697
3,37069
3,38643
