2,383
2,387
3,575
5,585
3,609
2,611
3,627
5,633
2,651
5,731
5,749
1,809
5,811
5,811
3,813
1,829
5,857
2,893
3,935
2,973
1,1035
5,1053
1,1063
1,1089
2,1095
2,1109
1,1113
5,1131
1,1141
3,1145
3,1207
1,1239
1,1263
1,1281
5,1285
1,1303
2,1359
2,1433
1,1439
1,1445
2,1465
1,1511
1,1565
1,1591
5,1593
2,1633
2,1657
1,1679
1,1707
1,1751
1,1821
1,1823
1,1827
5,1881
1,1901
2,1981
1,1991
2,2059
2,2099
3,2205
1,2263
1,2297
3,2309
1,2315
1,2359
3,2361
2,2369
5,2449
1,2493
3,2553
1,2821
2,2911
2,2935
5,2983
3,3005
2,3439
5,3529
5,3617
5,3877
3,3893
5,3985
2,4029
2,4293
1,4323
3,4353
2,4719
5,6277
5,6537
2,6579
5,7113
3,7185
3,7187
1,7345
3,7749
5,8047
3,8955
5,9049
2,10767
3,10903
3,13073
3,13737
2,13875
5,16329
3,16381
2,17533
5,17599
2,17709
2,17715
5,20207
3,20475
5,21861
3,24635
2,25129
3,26497
2,27247
3,28859
5,31675
3,32489
3,32531
3,32967
2,33095
3,35403
3,38481
3,39993
