2,275
2,375
3,443
3,457
3,469
2,493
5,521
5,545
3,553
3,577
5,597
2,605
3,613
3,621
2,659
3,699
3,757
1,757
2,801
5,803
2,817
2,825
5,857
1,907
1,921
1,945
1,957
1,983
1,1035
1,1047
5,1051
1,1051
2,1057
1,1063
2,1067
5,1079
2,1095
2,1135
3,1137
5,1227
1,1351
2,1397
1,1433
2,1447
1,1451
1,1495
1,1517
1,1625
2,1629
1,1685
2,1691
5,1729
3,1767
1,1785
2,1825
1,1843
1,1909
1,2025
1,2071
3,2115
3,2183
5,2263
1,2403
1,2421
3,2479
5,2487
1,2621
1,2639
1,2651
1,2901
3,2915
1,2959
2,2979
1,2981
2,3239
1,3319
5,3433
3,3447
2,3593
5,3613
1,3803
3,4727
3,4849
5,5335
2,5379
3,6693
5,7093
3,7383
2,7615
3,7951
3,8375
5,9015
2,9577
2,9679
5,12767
5,13347
2,14363
2,15477
5,15911
5,16081
2,16617
2,16681
5,16999
5,17219
3,17257
2,17435
2,17637
3,17715
5,18491
2,18725
3,18835
2,19375
5,20155
5,20285
5,21073
3,25081
5,25107
3,26697
5,27535
5,30531
5,31647
5,35651
