2,277
5,347
2,377
3,445
3,483
2,495
5,519
5,547
3,571
5,595
1,625
3,649
2,673
3,689
1,693
5,755
1,757
2,769
1,783
5,797
5,799
2,805
1,809
2,877
3,897
2,933
2,991
1,997
2,1007
2,1007
1,1023
1,1047
5,1051
1,1061
1,1077
1,1193
3,1199
1,1207
1,1217
5,1227
1,1333
1,1343
5,1361
2,1381
3,1413
1,1423
1,1457
3,1499
1,1523
1,1531
5,1555
2,1579
1,1591
1,1707
3,1763
1,1835
1,1841
3,1843
1,1845
1,1869
5,1875
2,1881
5,1885
3,1897
1,2013
2,2017
5,2045
1,2111
2,2153
3,2231
1,2249
2,2333
1,2345
1,2389
5,2423
2,2579
2,2631
3,2737
5,2935
1,3005
2,3203
2,3727
2,3773
2,4135
2,4273
2,4463
2,4879
2,4883
5,5077
3,5303
5,5493
5,5687
1,7193
3,7381
3,9661
3,9757
3,11951
2,12471
5,12639
2,13935
5,15063
5,16543
5,21795
5,21989
5,22173
3,22601
5,22715
5,22781
2,23167
5,23733
3,24997
3,25977
3,26443
5,26557
5,33249
3,37659
3,38287
