2,373
2,379
5,405
3,487
2,489
3,537
3,589
5,595
2,607
5,607
5,631
3,687
5,691
1,769
3,817
3,819
1,847
1,863
2,871
1,887
1,925
1,967
2,969
2,971
3,989
3,995
5,1023
1,1071
1,1083
1,1087
1,1093
1,1101
2,1103
2,1127
5,1141
3,1237
1,1283
5,1297
1,1319
3,1341
1,1409
1,1431
1,1443
3,1449
2,1477
1,1479
1,1487
1,1511
1,1515
1,1523
1,1543
3,1581
2,1629
2,1631
2,1759
3,1799
1,1859
2,1905
1,1963
1,1993
1,2025
5,2065
1,2211
5,2263
5,2359
1,2461
2,2719
3,2761
3,2805
1,2905
2,3225
3,3431
2,3807
1,3817
1,3925
1,4065
5,4577
2,4733
5,4853
2,6407
3,6671
5,7195
5,7233
2,7551
3,8057
5,8171
3,8409
3,8581
3,8919
5,9107
5,9151
5,10501
3,10917
2,12665
2,13729
5,15101
3,15945
2,16961
3,17499
3,17917
2,18097
2,18737
5,22437
5,23017
5,23983
5,24023
3,25313
3,28793
3,29319
5,30573
2,34743
5,36547
3,36993
2,37511
3,37621
