2,381
2,425
5,467
5,483
2,487
2,509
3,521
5,547
5,607
3,639
2,649
3,653
3,671
1,693
5,723
5,749
2,783
3,819
1,847
1,937
1,963
1,985
1,1001
2,1007
1,1031
1,1061
1,1081
5,1133
1,1145
1,1151
1,1157
1,1161
2,1163
3,1185
1,1301
1,1445
1,1455
2,1469
2,1503
1,1565
1,1635
1,1651
1,1663
1,1695
2,1703
1,1881
1,1899
3,1917
3,1933
2,1967
5,1991
2,1999
1,2087
5,2113
1,2199
2,2377
3,2459
1,2563
1,2589
1,2639
2,2661
2,2773
1,2845
3,2873
2,3019
2,3157
5,3231
1,3329
3,3419
1,3475
1,3581
2,3743
3,3803
5,3805
5,4081
5,4141
3,4289
2,4315
5,4583
5,4637
5,4861
3,5147
3,5771
3,6997
3,7487
2,8191
2,8335
2,9155
5,9559
2,10297
2,10831
5,12607
5,12807
2,15305
5,16285
5,16479
5,17545
5,17957
2,20137
2,21991
3,22311
2,22983
3,25699
3,26015
5,28083
5,28603
5,29577
3,30979
2,33677
3,35451
5,35717
2,37729
3,39453
5,39895
