2,377
3,387
5,593
2,605
3,615
2,621
2,671
2,675
5,731
2,771
5,811
3,819
2,847
1,853
1,855
5,865
5,893
2,911
5,917
5,967
2,999
1,1087
1,1105
1,1107
3,1151
1,1155
1,1169
3,1183
2,1199
2,1201
3,1203
2,1231
3,1255
2,1259
3,1289
2,1315
2,1315
1,1353
1,1423
3,1549
1,1577
2,1645
1,1659
1,1661
1,1661
3,1691
1,1729
1,1733
3,1783
1,1879
1,1911
2,1923
5,1949
1,1953
1,2059
2,2105
3,2127
5,2193
1,2235
5,2243
5,2319
2,2349
5,2367
1,2453
2,2479
2,2493
5,2515
1,2563
3,2597
3,2701
1,2729
1,2779
1,2835
3,2851
2,3089
5,3145
1,3237
1,3787
1,3971
5,4025
1,4919
1,4983
3,5571
5,5621
1,6219
1,7241
2,8697
3,8833
3,10077
3,10219
2,11481
5,14135
5,15291
5,16235
2,18333
5,20687
5,21531
3,23305
3,23597
5,25271
5,25973
2,26449
2,28313
3,29819
3,30457
3,32003
2,32033
5,32575
3,36791
5,36861
2,37033
