2,281
1,345
5,355
2,375
5,487
5,495
2,503
3,511
2,619
3,621
2,679
5,687
5,715
1,733
1,759
1,763
2,771
3,789
3,791
5,819
1,833
2,857
5,897
2,945
1,951
1,953
1,969
1,1019
5,1049
1,1101
3,1141
1,1167
2,1225
1,1237
1,1255
1,1289
2,1297
1,1315
5,1335
1,1345
3,1379
1,1417
1,1465
5,1537
1,1541
3,1565
1,1675
1,1683
1,1685
3,1887
1,1921
5,1963
1,2085
3,2101
1,2253
5,2355
2,2385
5,2455
5,2489
5,2563
2,2583
2,2635
1,2727
3,2763
1,2849
1,2889
2,3027
3,3045
2,3113
1,3155
2,3419
3,3425
3,3443
2,3523
2,3681
1,3913
1,3979
2,4327
2,4687
5,5261
1,5455
3,5769
3,6461
5,7097
2,7393
5,7743
2,7999
5,8289
5,8587
3,9345
2,10061
2,10391
2,10553
3,11377
3,12333
5,12537
2,13063
2,13869
5,13985
3,16309
5,16487
5,18115
5,18677
5,21085
3,21405
3,21607
3,21897
2,22187
3,24487
3,25245
3,27201
2,28043
2,32417
3,32575
5,33703
3,35915
5,36683
2,36889
5,37035
