2,377
5,397
2,403
5,473
5,477
3,517
3,549
3,561
5,605
3,639
5,643
5,647
3,653
5,743
2,753
1,755
2,767
1,797
3,817
1,833
5,833
5,847
1,853
1,857
2,859
3,871
3,887
2,889
2,943
3,993
2,1015
1,1037
1,1067
1,1101
1,1125
2,1127
3,1131
5,1159
5,1183
1,1201
1,1263
1,1271
1,1291
3,1293
1,1299
1,1333
2,1395
2,1409
1,1413
2,1457
1,1523
1,1535
1,1563
1,1571
2,1585
1,1597
1,1633
2,1641
1,1661
1,1677
3,1677
3,1745
1,1745
5,1799
3,1837
5,1873
1,1911
1,1939
1,1971
2,1981
2,2055
2,2069
2,2139
2,2145
2,2175
2,2191
1,2215
1,2269
2,2509
1,2659
1,2661
2,2785
2,2791
2,2889
3,2989
3,3173
5,3229
5,3349
2,3547
2,3707
5,4173
5,6575
3,6933
3,7669
3,7927
3,9017
3,9313
5,11519
5,11637
3,12451
3,13001
2,14119
3,17105
3,19717
5,20593
2,20839
5,20977
3,25615
5,26697
5,28275
5,29667
5,32421
2,32449
3,35611
3,36287
5,36745
