2,377
5,401
2,491
5,541
3,583
5,587
3,603
2,613
5,621
5,641
1,749
1,753
5,787
3,807
3,813
3,829
1,831
1,839
2,875
1,885
5,919
5,921
3,1007
1,1009
5,1011
1,1015
1,1041
2,1043
1,1049
1,1071
3,1121
3,1135
3,1143
5,1147
2,1151
1,1193
2,1197
1,1249
1,1259
1,1285
2,1303
2,1349
5,1361
2,1403
1,1405
1,1415
2,1451
1,1457
1,1485
5,1565
2,1663
5,1699
1,1701
1,1711
2,1719
1,1733
1,1831
1,1833
5,1855
3,1891
1,2019
1,2133
3,2151
1,2251
2,2269
3,2313
1,2353
1,2425
1,2475
5,2511
1,2601
2,2605
3,2629
1,2689
5,2845
3,2929
3,3013
1,3035
2,3107
2,3123
2,3145
2,3207
5,3265
5,3319
2,3461
3,3497
5,3961
3,4063
3,4331
2,4479
2,5833
2,5953
2,7547
5,7993
2,8187
5,9263
3,9815
5,12575
2,12933
2,15423
3,16921
3,17945
5,20859
3,21371
2,23447
5,26065
5,26205
5,27471
5,28165
3,29155
3,29589
5,29657
5,30623
2,34169
3,35867
3,37231
3,38051
3,38157
