2,377
2,383
5,405
5,487
3,533
3,571
3,575
5,595
2,607
3,641
2,649
5,679
1,751
5,765
1,779
1,839
1,861
5,903
2,991
5,1009
1,1011
3,1013
1,1049
1,1067
2,1099
2,1119
2,1123
3,1131
1,1159
1,1195
2,1237
2,1281
5,1301
2,1301
1,1401
2,1403
1,1431
3,1437
1,1441
1,1451
2,1459
1,1487
1,1539
2,1545
2,1579
5,1587
1,1589
3,1605
2,1687
1,1817
1,1833
1,1887
1,1969
3,1999
1,2063
1,2099
5,2123
5,2143
1,2441
2,2471
5,2535
1,2561
5,2569
3,2621
1,2629
1,2645
1,2717
2,2751
2,2771
1,2993
2,2997
1,3213
1,3215
3,3233
2,3373
5,3565
3,3675
1,4005
5,4029
2,4301
3,4409
3,4437
3,5067
1,5685
3,6001
5,6019
2,8187
2,8567
5,8821
2,10111
3,10181
2,10491
2,13661
5,13673
3,13861
2,13933
2,14177
5,14327
5,15467
3,17593
3,17811
5,19473
3,21049
5,21355
2,21861
5,22859
5,23675
3,26063
3,26315
5,28307
2,28531
2,31769
5,33051
3,33395
5,33655
3,38157
