2,381
5,535
5,575
3,579
5,601
5,605
2,607
5,611
3,663
2,683
3,717
3,805
3,813
3,815
5,877
5,903
2,987
1,999
2,1009
2,1039
1,1041
1,1059
1,1087
1,1097
1,1097
2,1189
2,1197
1,1317
2,1379
2,1381
2,1407
1,1441
1,1475
1,1491
1,1505
2,1541
1,1543
2,1633
1,1635
1,1711
1,1761
1,1877
5,1885
1,1921
2,1977
3,2073
1,2133
3,2235
1,2269
3,2281
3,2485
1,2509
1,2517
1,2571
5,2619
5,2647
1,2789
3,2901
5,2967
3,3067
2,3079
2,3079
1,3095
1,3337
3,3357
1,3487
2,3493
5,3671
3,3679
3,3879
3,3981
2,4021
2,4353
1,4431
3,4437
5,4505
5,4575
3,4687
3,4773
1,5805
1,6467
3,6561
1,6981
2,7123
5,7339
1,7355
2,8913
1,10933
5,11535
2,12119
5,13565
2,13847
2,14447
2,14593
2,15083
5,15919
5,16687
3,16941
5,18407
3,18809
2,19781
3,22221
3,22425
5,22853
5,23281
5,23339
5,23513
3,25633
2,26635
2,27511
2,28895
3,30185
3,30761
2,33423
5,35495
