2,371
2,373
2,377
5,401
5,563
3,567
3,573
2,595
2,603
5,631
1,701
1,757
3,773
1,781
5,797
3,805
3,815
1,853
1,1005
1,1025
1,1041
3,1043
5,1053
1,1061
1,1063
2,1097
1,1115
5,1149
1,1195
1,1245
3,1363
5,1365
3,1377
1,1471
1,1495
1,1503
1,1527
1,1537
1,1551
2,1551
2,1593
1,1639
2,1665
1,1679
1,1859
1,1879
3,1915
1,1943
1,1981
5,2013
1,2019
1,2053
1,2325
1,2449
3,2467
1,2505
1,2599
5,2739
5,2843
2,2931
1,2975
3,2981
3,3087
3,3353
1,3395
5,4053
5,4119
5,4339
2,4339
2,4505
2,4981
3,5221
5,5889
5,7549
3,10033
2,10131
5,10519
5,11493
5,13325
5,14753
2,15899
2,16617
5,17135
5,17545
2,18431
5,18705
3,19657
2,20765
5,20891
5,21675
3,21987
2,22737
3,23903
3,26485
5,27505
2,30345
2,30621
3,32389
3,33001
3,35059
2,35187
5,35219
5,35509
2,36677
2,37873
