2,377
5,401
2,549
3,589
5,607
5,633
3,633
2,649
2,669
2,671
5,729
5,729
1,753
5,789
3,889
3,919
2,919
2,943
2,959
1,1003
1,1031
5,1047
5,1057
1,1105
1,1113
5,1155
1,1159
1,1175
1,1243
3,1333
1,1351
3,1379
1,1397
1,1423
1,1475
2,1511
3,1515
1,1533
1,1621
1,1661
1,1719
3,1795
1,1807
1,1869
2,1879
2,1907
1,1913
1,2019
1,2035
1,2221
1,2225
2,2257
2,2329
3,2419
2,2447
5,2465
3,2585
1,2745
1,3027
1,3145
3,3409
1,3757
1,3831
2,3863
2,4359
3,4507
1,4979
1,5243
5,5441
2,5959
3,6099
3,6603
2,6923
1,6947
3,6983
5,7129
3,7249
2,7431
5,7515
5,7587
1,7827
2,8001
2,8245
3,8579
5,9757
2,9889
5,10321
3,10609
2,11139
2,11177
3,12391
2,12569
2,13275
3,13957
5,14453
5,14907
5,15665
2,17721
3,18777
2,19289
5,22323
5,22563
2,23343
5,27117
5,27163
5,27673
3,31599
3,33533
3,33931
3,35005
5,36739
3,38685
2,39305
