2,377
2,383
5,401
5,489
5,589
3,589
1,695
3,709
5,729
5,735
1,751
5,765
1,805
2,841
2,863
3,869
3,899
3,927
1,949
5,967
2,1011
3,1015
2,1035
2,1067
1,1083
5,1117
1,1133
1,1247
1,1251
2,1253
5,1317
1,1319
1,1355
2,1361
1,1375
2,1437
1,1437
1,1523
1,1525
1,1571
2,1595
2,1673
1,1731
3,1731
1,1801
2,1839
1,1923
2,1933
1,1957
1,1963
1,2089
1,2123
3,2219
1,2287
3,2357
1,2407
2,2409
1,2431
5,2505
1,2523
1,2589
5,2643
1,2659
3,2733
1,2787
2,2815
2,2861
1,2931
3,3011
2,3027
1,3239
2,3667
5,3781
3,4649
2,4653
3,5079
3,5119
2,5267
5,6147
1,6241
5,8013
3,8295
2,10361
5,10425
2,11719
3,12077
3,12847
3,14311
3,14593
2,17647
5,17801
3,18005
5,18709
5,19011
2,19331
2,19699
5,22305
3,24115
5,24215
5,24555
2,24655
2,28707
3,28851
5,30431
3,32407
2,34953
5,36113
