2,377
2,395
5,407
5,543
5,597
3,605
3,643
5,673
5,727
2,745
5,809
1,831
3,841
5,851
3,855
1,857
2,885
3,885
2,899
3,909
5,941
2,953
3,957
1,1001
2,1001
3,1049
5,1065
5,1089
5,1143
2,1173
1,1207
2,1227
1,1273
1,1307
1,1319
2,1337
1,1339
1,1415
1,1461
1,1539
1,1607
2,1611
1,1643
2,1717
2,1763
1,1763
1,1817
1,1873
3,1935
1,1955
3,1957
2,2087
5,2157
2,2239
1,2323
1,2655
1,2831
1,2843
5,2933
1,3093
3,3147
1,3203
3,3383
3,3557
5,3629
1,3745
1,3749
1,3801
1,3919
2,4163
1,4245
3,4609
1,4679
3,5129
1,5185
5,5439
5,5637
3,5965
3,6081
1,6349
3,6511
1,7159
5,7385
2,8275
3,10987
3,11025
2,11271
5,11309
5,11487
3,12639
2,14357
2,14689
2,15775
2,15851
2,16673
5,18697
2,19215
5,19221
2,20077
5,21657
2,21789
3,24409
5,24573
5,26493
3,26649
3,28435
2,29181
2,29889
5,31633
3,32889
3,36097
5,36427
2,36669
5,36831
3,38719
5,38845
