2,373
2,379
5,401
2,449
2,517
3,597
5,661
3,697
1,771
2,791
5,793
5,801
3,815
1,839
1,845
2,853
2,855
3,871
2,891
1,927
5,941
1,983
1,997
1,1097
3,1133
1,1151
1,1239
3,1241
1,1253
2,1255
1,1259
1,1267
5,1277
3,1285
1,1347
1,1361
2,1371
3,1383
1,1399
1,1437
1,1481
5,1521
1,1661
1,1665
3,1671
1,1707
1,1813
3,1879
5,1883
1,1921
2,1999
2,2181
1,2233
5,2239
1,2323
1,2395
1,2467
1,2501
1,2633
1,2811
2,2841
1,2905
2,2963
3,3183
1,3199
1,3823
5,4579
2,4831
3,4961
2,5111
2,5135
2,5163
2,5489
5,6463
5,6507
2,6651
3,8421
2,8579
5,8913
3,9419
5,9471
3,9541
3,10123
3,10673
2,10985
3,11315
5,12501
2,13443
5,14635
5,14987
3,15941
3,16739
5,18517
5,18835
5,18935
5,19399
3,20859
5,22223
5,23641
2,23913
2,24141
3,25693
5,25931
3,26197
2,26197
2,27397
2,29009
5,33395
5,35323
