2,377
2,381
5,403
3,531
3,575
5,595
2,609
3,635
1,695
5,739
3,821
1,839
1,853
3,863
2,913
2,955
3,963
1,1011
3,1031
1,1041
5,1051
1,1069
1,1073
3,1187
1,1219
1,1303
1,1351
1,1383
3,1397
3,1407
1,1439
1,1449
1,1507
2,1523
2,1543
1,1549
5,1551
1,1629
2,1661
1,1699
1,1725
1,1741
1,1773
2,1825
5,1889
2,1961
2,1999
2,2181
3,2211
1,2243
3,2257
1,2263
1,2297
1,2305
5,2489
1,2505
2,2603
1,2641
1,2703
3,2753
2,2757
1,2797
3,2799
5,2831
1,2893
5,2985
1,2997
1,3149
5,3415
2,3569
5,3895
2,4155
1,4309
2,4965
2,5031
2,5345
2,5461
2,5761
3,5905
2,5919
2,6065
2,6459
2,6589
2,7041
5,7293
5,8959
2,9673
5,10059
3,11289
5,11463
2,11853
5,12665
5,12841
3,13189
5,14185
3,15079
5,15397
5,15469
5,15759
2,17219
2,19931
2,20397
3,21417
5,21503
5,22749
3,23041
3,29067
2,30941
5,31763
5,34629
3,35571
3,36245
3,38177
5,38565
