2,295
2,373
5,483
2,491
3,509
3,517
3,593
2,609
5,623
3,641
3,665
5,665
3,701
1,725
5,731
2,817
2,819
2,899
5,923
1,945
2,971
1,989
5,1061
3,1079
2,1079
1,1097
1,1117
1,1127
3,1129
2,1141
1,1185
1,1297
1,1305
1,1329
1,1339
1,1415
1,1419
5,1433
1,1445
5,1447
1,1463
2,1489
1,1535
5,1609
1,1615
1,1643
2,1643
2,1657
5,1683
1,1705
3,1711
5,1727
5,1803
2,1837
5,1847
3,1917
1,1955
1,2041
3,2119
1,2287
3,2367
1,2463
1,2473
5,2473
1,2497
3,2635
2,2775
1,2885
1,2977
1,2991
1,3009
5,3375
1,3419
1,3555
5,3863
2,3983
1,4011
5,4049
2,4289
5,4659
2,4799
2,5337
3,5689
2,5809
2,6439
5,6505
3,6741
2,7313
5,7927
2,8133
5,9151
5,10035
3,10315
5,11103
3,12401
3,12405
3,13075
3,13327
2,15501
3,16147
5,17773
2,17989
5,19873
3,22361
5,22441
3,22447
2,24387
3,25075
2,25143
5,25381
5,30693
3,32393
2,33793
2,34139
3,35567
5,36291
2,37597
3,38205
