2,279
1,345
2,377
2,499
3,505
2,507
3,573
3,575
3,627
5,687
5,713
5,741
1,755
2,777
3,789
1,793
5,843
2,869
5,885
1,891
5,901
3,913
3,937
3,941
1,955
1,987
3,1031
1,1037
5,1063
2,1111
1,1131
1,1157
1,1267
1,1307
1,1313
3,1323
3,1351
1,1369
2,1383
1,1429
5,1471
3,1475
2,1505
1,1509
1,1607
1,1737
1,1801
2,1847
1,1877
1,1883
5,1951
5,1983
1,1989
2,1993
3,2021
3,2021
1,2043
1,2137
1,2173
3,2217
5,2235
1,2301
1,2305
1,2373
1,2531
1,2533
1,2717
1,2795
3,2977
2,3191
2,3529
5,3613
2,3669
3,3689
5,4185
1,4229
5,4253
3,4347
5,4729
2,4959
3,5671
5,6191
5,6457
2,6653
3,6809
2,7259
3,7365
2,8057
2,9505
5,9581
2,9849
2,10621
5,11007
5,12569
3,14197
2,14979
5,15425
5,16589
2,17143
3,18553
5,19829
5,19953
3,20575
5,21065
5,25059
3,26999
2,27029
2,30459
2,30849
5,34619
