2,281
5,351
2,379
2,383
3,437
5,545
3,569
5,591
5,629
3,649
5,673
2,679
3,701
2,711
3,721
1,751
2,763
5,789
2,799
1,821
3,833
1,859
2,877
5,883
3,891
2,921
1,929
1,1017
1,1049
5,1057
1,1087
5,1113
3,1125
3,1131
1,1139
2,1147
1,1221
2,1229
2,1233
2,1251
1,1259
1,1325
1,1329
2,1403
1,1437
2,1469
1,1515
1,1557
1,1587
1,1609
1,1631
1,1633
1,1665
3,1783
1,1795
1,1825
2,1897
3,1917
1,1965
5,2151
5,2175
2,2205
3,2221
5,2299
1,2399
1,2539
2,2549
1,2591
1,2831
1,2859
3,3169
5,3303
1,3595
5,3637
2,3689
1,3751
1,3783
2,3805
1,4147
3,4299
3,4431
5,4491
3,4711
3,6711
5,6851
5,7537
3,7609
2,7913
2,8647
2,9401
5,9703
3,9873
2,9947
2,10471
2,10503
5,10697
3,12625
2,13615
3,14433
3,15083
3,17465
5,18685
5,19129
5,19353
3,21719
5,22089
2,22419
3,23401
5,23951
5,26727
2,28167
5,30339
5,35891
5,38921
