2,371
2,373
2,377
5,401
2,559
3,571
3,589
5,599
5,605
5,625
2,689
5,701
3,735
5,743
1,783
3,791
2,795
1,853
1,853
1,935
3,971
5,995
1,1033
3,1035
3,1051
3,1065
2,1077
1,1109
2,1129
3,1137
1,1155
1,1229
2,1231
1,1239
5,1283
1,1285
5,1287
1,1319
5,1451
1,1455
2,1473
1,1475
2,1497
2,1539
1,1595
1,1603
2,1607
1,1639
1,1757
1,1789
2,1821
1,1855
1,1915
1,2009
1,2013
3,2045
1,2061
2,2193
5,2195
1,2277
2,2335
2,2401
1,2447
1,2579
3,2641
3,2771
3,2839
1,2875
1,3009
1,3073
2,3133
1,3151
1,3225
1,3279
5,3817
5,4257
3,4961
2,5083
3,5839
3,6065
5,6221
3,6491
2,6505
2,7791
5,7883
3,8065
2,8159
3,10797
5,10799
3,11465
2,12601
3,13033
2,13093
2,13493
5,14909
5,15321
2,16235
5,17663
3,17863
3,18311
5,19253
5,20569
5,21463
5,21949
3,22175
5,23917
5,24629
3,25897
2,26027
5,26383
3,27435
5,28063
3,29365
5,32527
2,34961
2,35425
5,36035
5,38501
3,38617
