2,377
5,401
5,479
2,499
3,573
5,593
2,601
3,605
1,703
5,777
5,795
3,807
1,853
3,863
3,871
5,889
2,953
1,965
1,981
1,999
2,1011
5,1037
5,1055
2,1055
1,1079
1,1087
3,1199
1,1211
1,1267
1,1269
1,1275
1,1315
1,1421
1,1441
1,1469
1,1515
3,1683
5,1733
1,1749
1,1865
5,1901
1,1923
1,1969
5,2075
3,2077
1,2151
1,2283
1,2359
1,2441
1,2469
1,2611
2,2811
1,2831
5,2939
1,3099
5,3187
1,3199
2,3251
1,3555
3,3697
2,3813
3,4087
5,4671
1,4709
2,4851
3,5065
2,5065
5,5099
5,5361
5,5447
2,5933
1,6009
5,6605
3,6833
5,6847
2,9665
3,10143
2,11931
5,11955
3,12499
5,13291
5,13807
2,14741
3,14785
2,15117
2,15817
2,17319
3,17465
3,17955
3,18499
2,19715
2,20699
5,21323
3,21867
3,22399
3,22911
5,24659
2,25581
3,26255
2,27725
3,27881
5,29757
2,31193
2,31919
3,32923
5,32977
2,33017
3,34659
2,36299
5,38991
5,39027
