2,377
2,383
5,403
5,515
5,599
3,601
5,601
2,605
1,611
3,613
5,617
5,619
5,633
3,635
2,653
3,679
3,697
5,711
3,771
2,821
1,835
1,871
1,889
3,933
1,1011
1,1015
1,1049
3,1053
5,1063
1,1073
1,1095
1,1099
1,1163
1,1217
1,1231
1,1261
1,1339
5,1379
3,1393
1,1517
5,1523
1,1543
5,1555
1,1587
1,1627
2,1631
2,1643
1,1765
1,1801
1,1919
5,1921
3,1933
2,1951
3,2075
5,2163
1,2173
1,2197
1,2197
1,2401
5,2441
3,2539
1,2611
1,2677
1,2703
5,2711
3,2823
5,2851
2,3013
2,3159
3,3305
2,3325
1,3347
1,3601
3,4071
2,4127
2,4313
5,4631
2,5183
3,5717
3,5735
2,5995
2,6325
2,6733
2,6885
3,7387
2,7485
3,7861
5,8041
5,8509
2,8767
3,8899
3,9111
3,9691
3,9947
3,10035
1,10119
5,10213
5,11281
2,11661
2,11931
5,16093
2,17335
3,17587
2,18401
2,20881
3,21047
5,21523
2,23295
2,25487
3,26971
3,28091
2,28681
3,28873
5,29691
5,34265
3,34635
2,36741
