2,281
3,371
2,375
2,379
3,439
5,473
5,547
5,595
5,621
3,631
3,631
3,643
3,691
3,693
5,735
1,751
1,765
5,767
2,771
1,773
5,823
1,829
2,835
1,837
5,837
1,915
2,959
3,979
1,1021
2,1075
1,1089
2,1089
1,1093
1,1109
1,1111
1,1133
1,1153
1,1155
3,1159
1,1217
1,1223
2,1255
3,1277
3,1291
2,1293
1,1379
5,1383
3,1403
5,1431
1,1455
1,1465
1,1499
1,1531
1,1549
2,1579
1,1581
1,1679
1,1687
3,1797
1,1803
2,1821
1,1833
1,1845
5,1867
2,1877
1,1931
2,2023
2,2033
3,2237
1,2419
1,2451
2,2521
3,2525
2,2567
2,2603
5,2879
5,3189
2,3207
5,3495
1,3843
2,4467
5,4769
5,5035
5,5267
3,5309
2,5359
2,5429
2,5895
2,6301
2,6815
2,7065
2,7715
3,9205
3,9451
5,9611
2,10065
3,11037
3,11915
2,12567
5,13661
2,14601
3,15549
2,16301
3,18107
5,20969
5,21593
5,22045
3,22435
3,23713
2,24145
5,24219
5,24311
3,26921
5,27771
3,29651
3,30165
5,31085
5,32793
3,33501
5,34397
5,35197
5,39129
3,39961
