2,295
2,375
5,489
5,591
2,607
1,607
2,619
2,635
3,683
3,699
5,741
1,749
1,767
1,809
2,935
1,953
2,957
5,965
2,997
5,1025
1,1035
5,1047
1,1063
2,1069
3,1129
1,1139
1,1175
1,1265
1,1275
5,1285
1,1343
2,1393
1,1427
5,1437
2,1463
2,1475
1,1569
2,1597
1,1707
1,1711
1,1715
5,1783
1,1789
1,1859
5,1895
3,1947
2,1977
2,2021
2,2037
1,2067
1,2079
1,2183
1,2227
1,2293
2,2333
1,2397
3,2461
3,2631
1,2691
1,2759
1,2897
3,2979
1,3081
2,3277
5,3375
3,3449
2,3469
5,3851
3,4365
3,4505
1,4529
3,5483
1,5543
3,5713
1,5799
5,6141
3,7461
2,8359
3,8403
3,9609
3,10981
5,12373
5,12609
2,12827
3,14415
5,14517
3,17643
3,17957
5,18305
2,19165
2,19251
5,19943
5,20351
2,20961
5,21093
5,21551
3,21637
5,22655
2,23861
3,24625
2,25817
3,26985
3,28259
3,29389
2,31531
2,34111
5,34449
2,36655
5,36689
2,38623
3,38985
