2,375
2,381
2,391
5,401
5,475
3,515
5,593
3,597
2,605
5,613
5,623
1,775
1,777
2,805
3,809
3,817
3,827
2,843
1,859
2,875
1,877
5,887
3,913
1,915
1,991
5,993
2,995
3,1027
1,1073
2,1149
3,1149
1,1213
2,1215
1,1215
1,1235
5,1263
1,1267
2,1281
5,1289
1,1309
3,1317
1,1329
1,1363
2,1375
1,1409
2,1425
1,1565
2,1569
2,1591
1,1613
1,1645
1,1663
1,1677
2,1691
3,1721
2,1773
3,1773
1,1797
1,1961
5,2101
3,2129
2,2207
5,2249
1,2305
3,2429
1,2487
3,2491
2,2533
1,2613
5,2647
2,2663
1,2863
1,2925
3,2935
1,3095
1,3113
5,3149
3,3411
1,3549
3,3725
1,4377
5,4485
2,4501
1,4661
5,4765
2,5399
3,5443
5,5657
2,5825
2,6143
3,6717
2,7401
5,9159
3,10083
3,10219
3,10385
5,10607
2,12409
2,14103
5,14471
3,15283
5,16651
5,17023
5,18973
5,20477
5,21269
2,23975
5,26683
5,27083
2,27885
2,28671
3,29461
3,29771
3,33295
5,33547
3,35161
2,36935
2,38583
