2,383
2,387
3,597
2,607
3,633
3,635
5,659
5,695
3,711
1,765
5,767
5,829
1,831
1,847
2,875
2,949
3,973
2,975
3,1023
1,1039
5,1059
1,1087
2,1093
5,1097
5,1137
1,1161
1,1185
1,1193
1,1233
1,1301
1,1313
1,1337
1,1417
2,1437
2,1443
1,1453
1,1517
2,1579
1,1589
5,1597
1,1625
5,1631
1,1729
1,1731
1,1757
2,1789
5,1827
1,1857
1,1895
1,1933
1,1995
2,2015
3,2081
2,2087
5,2111
1,2299
5,2347
2,2359
2,2365
2,2613
3,2743
3,2869
5,3121
5,3187
1,3303
2,3525
3,3541
1,3565
3,3759
1,3789
1,3849
2,4133
2,4237
3,4457
5,4487
2,4569
1,4825
1,5011
1,5461
2,5689
3,5805
5,8011
5,8309
3,9593
2,9853
5,10761
2,11229
2,11615
3,11739
3,11921
5,12759
3,12823
3,15875
3,16703
5,16827
3,16901
3,17683
3,19491
5,19985
5,20761
3,21251
5,21399
3,21549
5,21685
3,21939
2,22539
2,24097
5,24451
2,24669
3,26081
5,27043
5,27681
5,29167
2,33523
2,35285
3,36247
3,38179
