2,279
2,373
2,433
3,461
3,463
3,519
5,553
5,589
3,597
5,605
3,631
2,649
2,667
1,755
5,771
2,835
1,871
2,873
1,889
3,889
1,911
5,939
1,1007
5,1029
2,1049
5,1061
1,1097
1,1135
1,1137
1,1157
1,1193
3,1213
1,1283
3,1347
1,1351
2,1357
1,1363
1,1423
2,1477
5,1481
1,1641
5,1693
1,1695
1,1755
5,1803
1,1835
2,1895
1,1967
1,2029
1,2191
1,2197
1,2301
2,2549
1,2551
1,2739
2,2797
3,2995
3,3131
2,3301
1,3339
5,3381
1,3511
5,3831
2,3849
1,4209
1,4215
3,4437
1,4849
1,4963
5,5037
2,5239
1,5413
3,5607
2,6147
2,7027
3,7555
3,9103
5,10553
5,10743
2,11089
3,11301
2,11861
2,12401
2,12651
5,13325
2,13613
3,13969
5,14483
2,15275
3,15959
3,16371
2,16529
3,17727
2,17795
5,17805
2,18511
5,18813
3,18973
5,20003
5,21345
3,21625
5,21693
5,22643
2,23803
5,24241
3,25385
2,29341
3,30119
5,33867
3,35123
5,35717
3,36539
5,37017
5,37111
2,38285
